id;semestre;section;etat
1;40540;Tonga Savings Account Money Market Account;NONDIPLOME
2;34822;Tuvalu paradigms;NONDIPLOME
3;44635;Wooden;DIPLOME
4;11304;algorithm;NONDIPLOME
5;8366;hard drive THX;DIPLOME
6;93490;Analyst Fresh networks;NONDIPLOME
7;7695;Investment Account Intranet;DIPLOME
8;62450;turquoise;NONDIPLOME
9;87153;Communications Highway;DIPLOME
10;53155;back-end;NONDIPLOME
